53
1 5 6 29 33 34 35 36 40 42 45 48 49
2 3 5 11 36 33 34 35 36
3 4 1 12 14 40 51
4 2 3 19 20 40
5 9 8 2 13 32 51
6 2 4 9 15 38
7 3 5 11 35 40
8 9 1 12 32 50
9 3 6 5 4 37
10 11 12 8 20 
11 39 31 40
12 8 19 20 23
13 2 6 4 27 43
14 1 4 3 9 10
15 7 18 16 44
16 14 21 37 43
17 4 7 18 30 52
18 17 21 25 6 
19 12 14 21 45 41
20 19 15 13 46
21 19 20 4 33
22 12 7 31 39
23 12 14 22 47 49
24 22 33 34 50
25 21 29 11 48 41 42
26 19 27 30 46
27 28 25 6 3 2 34
28 1 22 34 20 34
29 30 20 11 34
30 26 34 18 13
31 4 9 6 22 19
32 3 11 16 30 12
33 1 3 6 16 21 23
34 6 9 15 19 25 28
35 23 25 29 15 14 3 21
36 12 11 32 20 33
37 31 32 27 16 33
38 3 13 23 33 42
39 5 6 18 12 33
40 39 38 37 36 35 34
41 43 32 12
42 5 18 13 48
43 17 14 10 53
44 10 3 11 31
45 50 30 20
46 45 9 29 27 17
47 24 7 16 15
48 8 19 11 20 26
49 4 5 6 22 23
50 32 45 12 
51 12 23 53 16 4
52 13 27 25 26 1
53 33 31 25 48
